118.081333,24.486428,0.1,350
118.08133106247314,24.486437999970093,0.33945050505050506,349.7056131507549
118.0813268955522,24.48645887842264,0.5789010101010101,349.0904116526617
118.08132018124937,24.486490580768688,0.818351515151515,348.15439550572034
118.08131040274259,24.48653300921697,1.0578020202020202,346.89756470993086
118.08129690374052,24.48658548482119,1.2851333346358493,345.33496714775856
118.08127932407282,24.486646426221192,1.4883806524301688,343.50802327918524
118.08125722200725,24.48671477174969,1.6564282828282828,341.4427954161097
118.0812292993381,24.486789856759522,1.7873335530243333,339.1434592166386
118.08119629064066,24.486869251998954,1.8958787878787877,336.68343128259374
118.08115702913489,24.48695208261443,1.9984802158702868,334.06726217637015
118.08111088381695,24.487038505463715,2.135329292929293,331.2824378513815
118.08105567887614,24.487129973394445,2.3317836885945207,328.25797211981245
118.08099069560424,24.487225528005027,2.550469465773141,324.999566112391
118.0809146782611,24.48732455041194,2.7339555555555557,321.49667079811036
118.0808263539279,24.487425589541374,2.853680808080808,317.7535264737478
118.08072688221073,24.487525261414604,2.9734060606060604,313.8499748249611
118.08061360844131,24.48762428896815,3.2128565656565655,309.7058121895384
118.08048291217105,24.487722387525245,3.425645531322568,305.23518826772107
118.08033514460372,24.487817202965452,3.607897966114262,300.46189386888733
118.08017103727681,24.48790580534049,3.8114828282828284,295.42864005239335
118.07999074599431,24.48798381371313,4.050933333333334,290.1616261460021
118.07979535664983,24.488048606578516,4.188092052726128,284.677101620416
118.07958755091214,24.488098031115044,4.273957070336331,279.0072817470968
118.07936874369332,24.488130151742524,4.410109090909093,273.15752949364787
118.07913906224766,24.48814168223838,4.649559595959598,267.0884789651363
118.07889718463787,24.488130486870247,4.889010101010103,260.69861378777654
118.07864602986481,24.48809244968499,5.097563766699253,253.78662392974167
118.07839293146071,24.488026936411686,5.248185858585861,247.03664314872466
118.07814474308265,24.48793123327711,5.3679111111111135,239.9249450114566
118.07790359198313,24.487804144517256,5.607361616161619,228.57263588755245
118.07767022471397,24.487641609811533,5.966537373737377,226.02197040055958
118.07742759729913,24.487462946565373,6.325713131313134,226.37506051891228
118.07717686938945,24.487267203708655,6.684888888888892,224.63190624261054
118.0769192811781,24.487053004444725,7.0440646464646495,224.08443859860242
118.07665637969745,24.48682065932259,7.403240404040407,223.8568645060437
118.07638956415956,24.486567608741446,7.762416161616165,222.14468696730265
118.07612064395164,24.486294472134986,8.121591919191923,219.6968451908591
118.07585138175668,24.48599886264975,8.48076767676768,217.41655651775397
118.07558384701504,24.485681661152185,8.839943434343436,215.15184829705674
118.07532014820305,24.48534085467162,9.199119191919193,212.73498325817388
118.0750626138232,24.484976268797922,9.55829494949495,210.2218738246366
118.0748137133966,24.484587414097177,9.91747070707071,207.61251999644486
118.07457607060168,24.484173941991358,10.276646464646467,204.9069217735987
118.07435629893995,24.48374319440667,10.276646464646467,203.530061563512
118.07414796429617,24.483307765289666,10.276646464646467,202.1532013534253
118.07395140069033,24.48286776507521,10.23775424992281,200.77616164824303
118.07376715856918,24.482426457322347,10.156921212121214,199.4075012994731
118.07359691739941,24.481986246927065,10.052069167659125,198.05452269295444
118.07343883001542,24.481545339442363,10,196.70992344284812
118.0732922856084,24.481101074338724,10.03719595959596,195.36514469764623
118.07315723828883,24.480653801598194,10.03719595959596,194.02036595244434
118.07303376236875,24.480203767601893,10.03719595959596,192.67558720724244
118.07292192578458,24.47975122025197,10.03719595959596,191.33080846204055
118.0728217900598,24.479296408835054,10.03719595959596,189.98602971683866
118.07273393737333,24.47884230842503,9.917470707070708,188.64927133785798
118.0726582058261,24.478389201324546,9.917470707070708,187.3205333250985
118.07259442684531,24.47793736169234,9.797745454545455,185.99981567856022
118.07254274328042,24.47748980678915,9.678020202020202,184.69513876446436
118.07250251872364,24.4770440540684,9.678020202020202,183.39848221658968
118.07247338756413,24.476597587057938,9.678020202020202,182.10182566871504
118.07245577603318,24.476151215262732,9.659213594473687,180.80686513333748
118.07244905113606,24.475706234355137,9.61469135170168,179.5166207992238
118.0724530085621,24.475263968065843,9.541970907826308,178.2343529013129
118.07246744400062,24.47482574012554,9.438569696969699,176.96332167454364
118.07249267135721,24.474392927430316,9.318844444444448,175.706766957775
118.07252813821613,24.47396585005,9.259823750756652,174.46508163378354
118.07257290801516,24.47354309900531,9.199119191919197,173.23375935534372
118.07262758157367,24.473123685172595,9.079393939393947,172.00928610345989
118.07269189786646,24.47270841949542,9.025325162087352,170.7934795003292
118.07276512167971,24.47229706240921,9.009010197959551,169.58531195672586
118.0728471882759,24.471889484253865,8.959668686868696,168.38398854513562
118.07293817576598,24.47148661816165,8.839943434343445,167.1915967581366
118.07303700652953,24.471090957857854,8.720218181818193,166.01524570357998
118.07314327156121,24.470702596555114,8.60049292929294,165.5511215747343
118.07325252231455,24.470318732241363,8.520279475568662,165.1530904943686
118.07336381176711,24.469937602646212,8.483222424984024,164.67111281418443
118.07347791882385,24.4695583961646,8.480767676767686,164.17799806712816
118.07359532155743,24.469181320298972,8.480767676767686,163.72349837774792
118.07371489613249,24.46880879321705,8.376375014594288,163.2734344705965
118.07383646670192,24.468440368167464,8.241317171717181,162.82733158494136
118.0739605533643,24.468075161599764,8.1801876115654,162.38402645963072
118.07408718203136,24.46771223149475,8.183038212816001,161.9424357406446
118.07421660667178,24.467350827891508,8.215028293517193,161.50162584038057
118.07434908125424,24.466990200829116,8.241317171717181,161.06066317123611
118.07448489071136,24.466629960696622,8.241317171717181,160.6189960678098
118.07462374659568,24.46627068414,8.241317171717181,160.1773289643835
118.07476564063995,24.465912392507903,8.241317171717181,159.73566186095718
118.07491056439653,24.465555107090466,8.241317171717181,159.29399475753087
118.07505849488356,24.465199145560177,8.210217588917885,158.8526540098197
118.07520834654548,24.464846531593864,8.133201344603394,158.41421381397245
118.07535895398667,24.464499789705656,8.001866666666675,157.98182603320586
118.07551012446353,24.46415953225167,7.882141414141422,157.55619966222196
118.0756640672713,24.46382030633525,8.001866666666675,157.13057329123805
118.07582195506976,24.463479581686144,8.001866666666675,156.70173877376567
118.07598183247688,24.463141714938768,8.084901922450317,156.27512926111595
118.07614488919192,24.462803939448932,8.121591919191928,155.84727788530938
118.07631236306985,24.46246399456561,8.001866666666675,155.41523522134852
118.07648138342681,24.462127724483494,8.001866666666675,154.98640070387614
118.07665316360787,24.461792615295067,8.001866666666675,154.55756618640376
118.07682656181765,24.461460913299188,8.061729292929302,154.13157760533244
118.07700363860764,24.461128443743064,8.121591919191928,153.70310529794747
118.07718631233682,24.460791960122265,8.121591919191928,153.2678544874981
118.07737178843888,24.4604567493341,8.121591919191928,152.83260367704875
118.07756052430726,24.460122133259325,8.156882113713564,152.39640723390082
118.07775110473553,24.45979022355756,8.121591919191928,151.96210205615003
118.07794252998423,24.459463126682046,7.933170443691942,151.53231612560728
118.07813570463125,24.459138747716665,7.882141414141422,151.10443302120527
118.07833201065671,24.458814993187957,8.121591919191928,150.67559850373289
118.07853139303587,24.458492027949845,8.029222789246493,150.24598344286238
118.0787325794413,24.458171541580086,7.882141414141422,149.81792946878812
118.07893529199255,24.457854271966667,8.001866666666675,149.39230309780422
118.07914213501931,24.457536000816745,8.001866666666675,148.96346858033183
118.07935126980334,24.457219734915256,7.91109909589071,148.53538981195354
118.07956205475377,24.456906090269783,7.882141414141422,148.10900769187555
118.07977506931044,24.45659446456004,8.001866666666675,147.68338132089164
118.07999163292804,24.456282991902476,8.047177674135943,147.25591433725683
118.0802115460185,24.455971689980277,8.022255012114167,146.82671014617617
118.08043427365382,24.455661403090403,8.001866666666675,146.3968777684745
118.08065910131775,24.455353405706163,8.001866666666675,145.96804325100211
118.08088475369055,24.45504924133303,7.882141414141422,145.5424168800182
118.08111288146186,24.454746611226696,8.001866666666675,145.1167905090343
118.08134347203375,24.454445532087348,7.882141414141422,144.6911641380504
118.08157826920545,24.4541437629685,8.121591919191928,144.26232962057802
118.0818187804869,24.453839622866383,8.166006125773876,143.8277514860053
118.08206065285505,24.45353836616222,8.001866666666675,143.3950361461678
118.08230107467318,24.453243729676316,7.882141414141422,142.9694097751839
118.08254572391432,24.452948518589565,8.121591919191928,142.5405752577115
118.08279464129267,24.4526527866324,8.001866666666675,142.10853259375065
118.0830441342273,24.452360954901593,8.001866666666675,141.67969807627827
118.08329601902317,24.45207083118298,8.001866666666675,141.2508635588059
118.0835483794078,24.451784589270574,7.882141414141422,140.82523718782198
118.0838058573676,24.451496715947545,8.001866666666675,140.26908226231532
118.08406781999152,24.451208738441366,8.121591919191928,139.96115185990024
118.08433110214493,24.450923503621794,8.001866666666675,140.17717319188068
118.08459125425506,24.45063949192655,8.001866666666675,140.3915904506169
118.0848502363992,24.45035459597119,8.001866666666675,140.6060077093531
118.08510611627113,24.450070957662803,7.882141414141422,140.81882089484503
118.0853608365074,24.44978645613341,8.001866666666675,141.03163408033697
118.08561450180129,24.449500945454115,8.125454024112098,141.24455075442532
118.08586868642811,24.44921272177551,8.121591919191928,141.45886452456512
118.0861236849155,24.44892132015066,8.001866666666675,141.67488585654556
118.0863755896026,24.448631215691137,8.001866666666675,141.88930311528176
118.08662469870275,24.448342075500364,7.99049538176526,142.1023684694933
118.08687207740522,24.448052808531585,8.001866666666675,142.31492948626564
118.08711845276562,24.447762430467908,8.090549618455304,142.52767525164853
118.08736567813705,24.447468864277553,8.121591919191928,142.74215993049378
118.08761344020085,24.447172336937655,8.001866666666675,142.95818126247423
118.08785631057789,24.44687937767442,7.882141414141422,143.17099444796617
118.08810032155466,24.4465826938557,7.895538617617229,143.38589590566747
118.08834389288597,24.446284344077768,8.001866666666675,143.6014330386828
118.08858377265301,24.445988108192942,8.113830360915756,143.81482591969893
118.08882296055927,24.44569045843491,8.121591919191928,144.02866348291096
118.08906334350515,24.445388941875308,8.001866666666675,144.2446848148914
118.08930039930766,24.44508882226333,8.007852929292937,144.4590218699654
118.08953505372911,24.444790197507956,8.121591919191928,144.67191525911954
